-0.29804
-0.29804
-0.29804
-0.29804
-0.29804
-0.29804
-0.29804
-0.29804
-0.29804
-0.29804
-0.29804
-0.29804
-0.29804
-0.29804
-0.29804
-0.29804
-0.29804
-0.29804
-0.29804
-0.29804
-0.29804
-0.29804
-0.29804
-0.29804
-0.29804
-0.29804
-0.29804
-0.29804
-0.29804
-0.29804
-0.29804
-0.29804
-0.29804
-0.29804
-0.29804
-0.29804
-0.29804
-0.29804
-0.29804
-0.29804
-0.29804
-0.29804
-0.29804
-0.29804
-0.29804
-0.29804
-0.29804
-0.29804
-0.29804
-0.29804
-0.29804
-0.29804
-0.29804
-0.29804
-0.29804
-0.29804
-0.29804
-0.29804
-0.29804
-0.29804
-0.29804
-0.29804
-0.29804
-0.29804
-0.29804
-0.29804
-0.29804
-0.29804
-0.29804
-0.29804
-0.29804
-0.29804
-0.29804
-0.29804
-0.29804
-0.29804
-0.29804
-0.29804
-0.29804
-0.29804
-0.29804
-0.29804
-0.29804
-0.29804
-0.29804
-0.29804
-0.29804
-0.29804
-0.29804
-0.29804
-0.29804
-0.29804
-0.29804
-0.29804
-0.29804
-0.29804
-0.29804
-0.29804
-0.29804
-0.29804
-0.29804
-0.29804
-0.29804
-0.29804
-0.29804
-0.29804
-0.29804
-0.29804
-0.29804
-0.29804
-0.29804
-0.29804
-0.29804
-0.29804
-0.29804
-0.29804
-0.29804
-0.29804
-0.29804
-0.29804
-0.29804
-0.29804
-0.29804
-0.29804
-0.29804
-0.29804
-0.29804
-0.29804
-0.29804
-0.29804
-0.29804
-0.29804
-0.29804
-0.29804
-0.29804
-0.29804
-0.29804
-0.29804
-0.29804
-0.29804
-0.29804
-0.29804
-0.29804
-0.29804
-0.29804
-0.29804
-0.29804
-0.29804
-0.29804
-0.29804
-0.29804
-0.29804
-0.29804
-0.29804
-0.29804
-0.29804
-0.29804
-0.29804
-0.29804
-0.29804
-0.29804
-0.29804
-0.29804
-0.29804
-0.29804
-0.29804
-0.29804
-0.29804
-0.29804
-0.29804
-0.29804
-0.29804
-0.29804
-0.29804
-0.29804
-0.29804
-0.29804
-0.29804
-0.29804
-0.29804
-0.29804
-0.29804
-0.29804
-0.29804
-0.29804
-0.29804
-0.29804
-0.29804
-0.29804
-0.29804
-0.29804
-0.29804
-0.29804
-0.29804
-0.29804
-0.29804
-0.29804
-0.29804
-0.29804
-0.29804
-0.29804
-0.29804
-0.29804
-0.29804
-0.29804
-0.29804
-0.29804
-0.29804
-0.29804
-0.29804
-0.29804
-0.29804
-0.29804
-0.29804
-0.29804
-0.29804
-0.29804
-0.29804
-0.29804
-0.29804
-0.29804
-0.29804
-0.29804
-0.29804
-0.29804
-0.29804
-0.29804
-0.29804
-0.29804
-0.29804
-0.29804
-0.29804
-0.29804
-0.29804
-0.29804
-0.29804
-0.29804
-0.29804
-0.29804
-0.29804
-0.29804
-0.29804
-0.29804
-0.29804
-0.29804
-0.29804
-0.29804
-0.29804
-0.29804
-0.29804
-0.29804
-0.29804
-0.29804
-0.29804
-0.29804
-0.29804
-0.29804
-0.29804
-0.29804
-0.29804
-0.29804
-0.29804
-0.29804
-0.29804
-0.29804
-0.29804
-0.29804
-0.29804
-0.29804
-0.29804
-0.29804
-0.29804
-0.29804
-0.29804
-0.29804
-0.29804
-0.29804
-0.29804
-0.29804
-0.29804
-0.29804
-0.29804
-0.29804
-0.29804
-0.29804
-0.29804
-0.29804
-0.29804
-0.29804
-0.29804
-0.29804
-0.29804
-0.29804
-0.29804
-0.29804
-0.29804
-0.29804
-0.29804
-0.29804
-0.29804
-0.29804
-0.29804
-0.29804
-0.29804
-0.29804
-0.29804
-0.29804
-0.29804
-0.29804
-0.29804
-0.29804
-0.29804
-0.29804
-0.29804
-0.29804
-0.29804
-0.29804
-0.29804
-0.29804
-0.29804
-0.29804
-0.29804
-0.29804
-0.29804
-0.29804
-0.29804
-0.29804
-0.29804
-0.29804
-0.29804
-0.29804
-0.29804
-0.29804
-0.29804
-0.29804
-0.29804
-0.29804
-0.29804
-0.29804
-0.29804
-0.29804
-0.29804
-0.29804
-0.29804
-0.29804
-0.29804
0.64706
0.57255
0.55686
0.54902
0.54902
0.54902
0.54510
0.53725
0.53725
0.52941
0.52941
0.52549
0.52941
0.51765
0.51765
0.50980
0.50196
0.50588
0.50588
0.49412
0.49412
0.49020
0.49020
0.49020
0.49020
0.48627
0.48627
0.48627
0.48627
0.48627
0.48627
0.49412
0.48627
0.49804
0.49804
0.50196
0.49804
0.50588
0.50588
0.50588
0.50980
0.50980
0.51373
0.49804
0.51765
0.70196
0.70196
0.70196
0.70196
0.70196
0.70196
0.70196
0.70196
0.70196
0.70196
0.70196
-0.29804
-0.29804
-0.29804
-0.29804
-0.29804
-0.29804
-0.29804
-0.29804
-0.29804
-0.29804
-0.29804
-0.29804
0.57255
0.47059
0.44706
0.44706
0.44706
0.44314
0.44314
0.43922
0.43529
0.43137
0.43137
0.42745
0.42353
0.41569
0.41569
0.40784
0.40392
0.40392
0.40000
0.38039
0.37647
0.39216
0.38824
0.39216
0.38824
0.38824
0.38824
0.38824
0.38824
0.38824
0.38824
0.39216
0.39216
0.39216
0.39216
0.39608
0.39608
0.40000
0.38431
0.40392
0.40784
0.39216
0.39216
0.42745
0.57255
0.65098
0.60784
0.60392
0.34118
0.57647
0.63137
0.63529
0.65098
0.67059
0.66667
0.70196
-0.29804
-0.29804
-0.29804
-0.29804
-0.29804
-0.29804
-0.29804
-0.29804
-0.29804
-0.29804
-0.29804
-0.29804
0.56078
0.45490
0.43529
0.43137
0.43137
0.42745
0.42745
0.41961
0.41961
0.41569
0.41176
0.40784
0.40392
0.40000
0.39608
0.39216
0.38824
0.38431
0.38039
0.37647
0.37647
0.37255
0.36471
0.36471
0.36471
0.36078
0.36078
0.36471
0.36471
0.36863
0.36863
0.36863
0.36863
0.36863
0.37255
0.37255
0.37647
0.38039
0.38039
0.38431
0.38824
0.39216
0.40784
0.53333
0.41569
0.59608
0.58039
0.35686
0.40000
0.58431
0.61569
0.60000
0.58039
0.60000
0.59216
0.70196
-0.29804
-0.29804
-0.29804
-0.29804
-0.29804
-0.29804
-0.29804
-0.29804
-0.29804
-0.29804
-0.29804
-0.29804
0.56078
0.45490
0.43529
0.43137
0.42745
0.42745
0.42353
0.41961
0.41961
0.41569
0.41176
0.40784
0.40392
0.40000
0.38824
0.38824
0.38039
0.37647
0.37647
0.37255
0.36863
0.36471
0.36471
0.36471
0.36078
0.36078
0.35686
0.35686
0.35686
0.38039
0.40000
0.37647
0.36471
0.37647
0.36471
0.36471
0.37255
0.37647
0.38039
0.38431
0.38824
0.39216
0.49020
0.34510
0.54510
0.53333
0.44706
0.18824
0.51765
0.57255
0.56863
0.58431
0.55686
0.52941
0.52941
0.70196
-0.29804
-0.29804
-0.29804
-0.29804
-0.29804
-0.29804
-0.29804
-0.29804
-0.29804
-0.29804
-0.29804
-0.29804
0.56078
0.45098
0.43529
0.43137
0.43137
0.42745
0.42353
0.41961
0.41569
0.41176
0.40784
0.40392
0.40392
0.39216
0.39216
0.38431
0.36471
0.37647
0.37255
0.36863
0.36078
0.36078
0.38039
0.38039
0.36863
0.36471
0.37647
0.36471
0.36471
0.34118
0.07059
-0.05490
0.03137
0.31765
0.39216
0.39608
0.39216
0.38431
0.37647
0.38431
0.38824
0.43529
0.35686
0.38824
0.52549
0.45098
0.38824
0.14118
0.52549
0.55686
0.54510
0.59608
0.50980
0.43529
0.48235
0.70196
-0.29804
-0.29804
-0.29804
-0.29804
-0.29804
-0.29804
-0.29804
-0.29804
-0.29804
-0.29804
-0.29804
-0.29804
0.56078
0.45490
0.43529
0.43137
0.42745
0.42353
0.42353
0.41961
0.41569
0.41176
0.40392
0.40000
0.40000
0.38824
0.38039
0.38039
0.36078
0.36078
0.36863
0.38039
0.40000
0.38431
0.35686
0.31765
0.33333
0.34902
0.40000
0.40392
0.22353
-0.26667
-0.16471
-0.16471
-0.08627
0.02745
0.09412
0.18824
0.30588
0.33333
0.32941
0.36863
0.38431
0.53333
0.13333
0.34118
0.49020
0.45098
0.35294
0.08627
0.45098
0.50196
0.51373
0.53333
0.53725
0.29020
0.52941
0.70196
-0.29804
-0.29804
-0.29804
-0.29804
-0.29804
-0.29804
-0.29804
-0.29804
-0.29804
-0.29804
-0.29804
-0.29804
0.56078
0.45882
0.43137
0.43137
0.42745
0.42745
0.42353
0.41961
0.41569
0.40784
0.40392
0.40000
0.40000
0.38431
0.41569
0.38039
0.38431
0.40784
0.41569
0.38824
0.33725
-0.12157
-0.24706
-0.29412
-0.27059
-0.26667
-0.20392
0.07059
-0.19608
-0.19216
-0.24314
-0.25098
-0.13725
-0.16471
-0.19216
-0.29804
-0.29804
-0.10196
0.31373
0.18824
0.32157
0.43529
0.24314
0.29412
0.35294
0.44706
0.34510
0.08627
0.32941
0.41569
0.50980
0.47843
0.55686
0.21569
0.48627
0.67843
-0.29804
-0.29804
-0.29804
-0.29804
-0.29804
-0.29804
-0.29804
-0.29804
-0.29804
-0.29804
-0.29804
-0.29804
0.56078
0.45098
0.43137
0.42745
0.42745
0.42353
0.41961
0.41569
0.40784
0.40784
0.40000
0.39608
0.41176
0.40392
0.34902
0.29020
0.28235
0.20392
0.00784
-0.14902
-0.23137
-0.22745
-0.25098
-0.20392
-0.16863
-0.16863
-0.18431
-0.22745
-0.20784
-0.17255
-0.21961
-0.20784
-0.18824
-0.20000
-0.23922
-0.23137
-0.27843
-0.29804
0.09020
0.10588
0.37647
0.40392
0.24706
0.17647
0.23529
0.45490
0.46275
0.12549
0.18431
0.33725
0.46667
0.41961
0.50588
0.12941
0.49020
0.64706
-0.29804
-0.29804
-0.29804
-0.29804
-0.29804
-0.29804
-0.29804
-0.29804
-0.29804
-0.29804
-0.29804
-0.29804
0.56078
0.45490
0.43137
0.42745
0.42745
0.41961
0.41961
0.41176
0.40392
0.40000
0.42353
0.42745
0.36863
0.19216
-0.19608
-0.21569
-0.22353
-0.21176
-0.18824
-0.21569
-0.20000
-0.22745
-0.23529
-0.21961
-0.19608
-0.22353
-0.24314
-0.24314
-0.23529
-0.20000
-0.21961
-0.18039
-0.12157
-0.16471
-0.22745
-0.24314
-0.23922
-0.27451
-0.29804
-0.25098
0.33725
0.45882
0.28627
0.08627
0.08235
0.30588
0.45882
0.25098
-0.01961
0.25490
0.41569
0.36078
0.43529
0.08235
0.42353
0.60000
-0.29804
-0.29804
-0.29804
-0.29804
-0.29804
-0.29804
-0.29804
-0.29804
-0.29804
-0.29804
-0.29804
-0.29804
0.56078
0.45490
0.42745
0.42745
0.42353
0.41961
0.41176
0.40784
0.40392
0.43137
0.37255
0.14118
-0.16471
-0.28627
-0.26275
-0.21961
-0.17255
-0.18431
-0.18431
-0.20392
-0.22353
-0.23922
-0.25490
-0.25882
-0.25882
-0.26667
-0.26667
-0.25490
-0.23922
-0.21961
-0.16471
-0.22745
-0.21176
-0.23137
-0.25098
-0.24314
-0.23529
-0.23137
-0.23922
-0.27059
0.02745
0.26275
0.41569
0.28627
0.14902
0.25490
0.32941
0.33333
0.05098
0.14902
0.38039
0.29412
0.39608
0.09412
0.38431
0.58431
-0.29804
-0.29804
-0.29804
-0.29804
-0.29804
-0.29804
-0.29804
-0.29804
-0.29804
-0.29804
-0.29804
-0.29804
0.56078
0.44706
0.42745
0.42353
0.41961
0.41176
0.40392
0.40000
0.43529
0.37647
-0.16078
-0.29804
-0.27843
-0.24706
-0.23137
-0.22353
-0.23922
-0.18431
-0.21569
-0.21961
-0.24314
-0.25882
-0.26667
-0.27059
-0.27451
-0.27843
-0.27451
-0.27059
-0.27059
-0.24314
-0.23137
-0.21569
-0.25882
-0.25490
-0.25490
-0.25490
-0.25098
-0.22353
-0.25490
-0.14902
0.34118
0.21176
0.45490
0.43137
0.30196
0.11373
0.18039
0.26667
0.27843
0.03529
0.27451
0.19608
0.35294
0.17255
0.33725
0.51373
-0.29804
-0.29804
-0.29804
-0.29804
-0.29804
-0.29804
-0.29804
-0.29804
-0.29804
-0.29804
-0.29804
-0.29804
0.55294
0.45490
0.42745
0.42353
0.41961
0.41176
0.40392
0.43922
0.40784
-0.08235
-0.29804
-0.27059
-0.24706
-0.22745
-0.21176
-0.21569
-0.20000
-0.19216
-0.21569
-0.23529
-0.26275
-0.26667
-0.26667
-0.27451
-0.27059
-0.26667
-0.26275
-0.26275
-0.26275
-0.26275
-0.26275
-0.23922
-0.25490
-0.26667
-0.26667
-0.26275
-0.25882
-0.25490
-0.28235
-0.25490
0.38431
0.52941
0.41176
0.38039
0.48235
0.28627
0.14118
0.20784
0.20784
0.17255
0.17647
0.14118
0.23529
0.23922
0.25882
0.48627
-0.29804
-0.29804
-0.29804
-0.29804
-0.29804
-0.29804
-0.29804
-0.29804
-0.29804
-0.29804
-0.29804
-0.29804
0.55294
0.44706
0.42353
0.41961
0.41569
0.40784
0.42745
0.43529
-0.07059
-0.27059
-0.25098
-0.23922
-0.23529
-0.21961
-0.20000
-0.18431
-0.18824
-0.21961
-0.23137
-0.25098
-0.23529
-0.25490
-0.26275
-0.27059
-0.25882
-0.26275
-0.25098
-0.25490
-0.23137
-0.17255
-0.25490
-0.26667
-0.26667
-0.27451
-0.27451
-0.27451
-0.27059
-0.26667
-0.28235
-0.29804
0.02353
0.22353
0.30980
0.23137
0.14118
0.27451
0.23137
0.22745
0.18039
0.23137
0.07843
0.13333
0.17647
0.25882
0.21176
0.46667
-0.29804
-0.29804
-0.29804
-0.29804
-0.29804
-0.29804
-0.29804
-0.29804
-0.29804
-0.29804
-0.29804
-0.29804
0.55686
0.44314
0.41961
0.41569
0.40784
0.41961
0.43137
0.07451
-0.27059
-0.26275
-0.25098
-0.23922
-0.23137
-0.21961
-0.21961
-0.21569
-0.23137
-0.25098
-0.24706
-0.22353
-0.23529
-0.24314
-0.25490
-0.25882
-0.26275
-0.26667
-0.25882
-0.25490
-0.25098
-0.18824
-0.23922
-0.27059
-0.25490
-0.26667
-0.27451
-0.26275
-0.26275
-0.26275
-0.27451
-0.23137
0.23137
0.10196
-0.00784
0.29020
0.57647
0.49412
0.28627
0.24314
0.18039
0.14118
0.12941
0.09020
0.10588
0.23137
0.12157
0.41961
-0.29804
-0.29804
-0.29804
-0.29804
-0.29804
-0.29804
-0.29804
-0.29804
-0.29804
-0.29804
-0.29804
-0.29804
0.55686
0.44314
0.41961
0.41176
0.40392
0.44314
0.33725
-0.26275
-0.27451
-0.25098
-0.25490
-0.23529
-0.21569
-0.22745
-0.21961
-0.24314
-0.26275
-0.25490
-0.24314
-0.23922
-0.23529
-0.24314
-0.25098
-0.26275
-0.26667
-0.26667
-0.25882
-0.27059
-0.27059
-0.23922
-0.26275
-0.25882
-0.25882
-0.26667
-0.25882
-0.26275
-0.25882
-0.28235
-0.27059
-0.02353
0.21961
0.18039
0.12157
0.05490
0.24314
0.47843
0.38824
0.20784
0.25882
0.14118
0.11373
0.09804
-0.04706
0.19216
0.07059
0.32941
-0.29804
-0.29804
-0.29804
-0.29804
-0.29804
-0.29804
-0.29804
-0.29804
-0.29804
-0.29804
-0.29804
-0.29804
0.55686
0.44314
0.41569
0.40784
0.41961
0.42745
-0.02353
-0.28235
-0.24706
-0.26275
-0.26667
-0.26275
-0.23922
-0.21569
-0.24314
-0.26275
-0.26275
-0.25098
-0.25098
-0.23922
-0.22353
-0.23922
-0.25490
-0.25882
-0.25882
-0.28235
-0.25490
-0.16471
-0.14902
-0.16471
-0.23529
-0.29804
-0.22353
-0.25490
-0.26667
-0.28627
-0.25490
-0.02745
0.01176
0.14118
0.32549
0.24314
0.18431
0.18039
0.04706
0.10588
0.34902
0.27451
0.21176
0.23137
0.05882
0.09020
0.03922
0.02745
0.09020
0.26667
-0.29804
-0.29804
-0.29804
-0.29804
-0.29804
-0.29804
-0.29804
-0.29804
-0.29804
-0.29804
-0.29804
-0.29804
0.55686
0.43922
0.41569
0.40784
0.40392
0.38824
-0.28235
-0.27059
-0.26275
-0.26275
-0.25882
-0.24706
-0.23529
-0.24706
-0.26275
-0.26667
-0.25882
-0.25882
-0.24314
-0.21569
-0.20784
-0.23922
-0.27843
-0.29804
-0.29804
-0.29804
-0.00392
0.23529
0.25098
0.22745
0.06275
-0.10588
-0.12157
-0.00784
-0.06275
-0.13725
-0.18431
-0.20784
-0.08627
0.09804
0.40000
0.34902
0.21961
0.21569
0.20000
0.12941
0.05882
0.13333
0.23922
0.19608
0.10980
0.06275
0.06667
-0.01176
0.08627
0.14902
-0.29804
-0.29804
-0.29804
-0.29804
-0.29804
-0.29804
-0.29804
-0.29804
-0.29804
-0.29804
-0.29804
-0.29804
0.55294
0.44314
0.41569
0.40392
0.39608
0.28627
-0.29804
-0.27843
-0.26275
-0.26275
-0.26275
-0.25490
-0.23529
-0.18824
-0.22353
-0.25098
-0.25098
-0.23922
-0.22353
-0.22353
-0.25490
-0.26667
-0.23922
-0.23529
-0.10588
0.21176
0.36078
0.35294
0.35686
0.38824
0.39216
0.36078
0.16471
0.07059
0.09804
0.18431
0.20784
0.20392
0.19608
0.10980
0.12157
0.35294
0.30588
0.23529
0.22745
0.21961
0.20000
-0.12157
-0.16863
0.16078
0.12157
0.09412
0.02353
0.01961
-0.04706
0.07451
-0.29804
-0.29804
-0.29804
-0.29804
-0.29804
-0.29804
-0.29804
-0.29804
-0.29804
-0.29804
-0.29804
-0.29804
0.54902
0.44314
0.41569
0.41961
0.41569
-0.13333
-0.29804
-0.25882
-0.25882
-0.25882
-0.25882
-0.26275
-0.25098
-0.23529
-0.23922
-0.24314
-0.23922
-0.23922
-0.22353
-0.21961
-0.23529
-0.12157
0.15294
0.36078
0.40000
0.41569
0.41176
0.38824
0.39608
0.40392
0.39608
0.40000
0.35686
0.32157
0.20392
0.19608
0.29804
0.32157
0.34118
0.37647
0.30588
0.18824
0.24706
0.31373
0.27059
0.25098
0.26275
0.18039
-0.29020
-0.27059
-0.09412
0.08627
0.03922
-0.00392
0.07059
0.03529
-0.29804
-0.29804
-0.29804
-0.29804
-0.29804
-0.29804
-0.29804
-0.29804
-0.29804
-0.29804
-0.29804
-0.29804
0.55686
0.44314
0.41569
0.41569
0.40392
-0.23137
-0.29020
-0.25882
-0.26667
-0.26667
-0.26275
-0.26275
-0.26275
-0.25882
-0.25490
-0.24706
-0.25098
-0.24706
-0.25490
-0.26667
-0.07843
0.12549
0.32941
0.43922
0.41569
0.42353
0.43922
0.42745
0.45098
0.47451
0.44314
0.45098
0.42353
0.35686
0.30196
0.19608
0.18039
0.30196
0.29412
0.31765
0.35294
0.27843
0.12549
0.21176
0.33333
0.34510
0.29020
0.29020
0.12549
-0.18431
-0.13725
-0.23922
-0.10196
0.03137
-0.00784
0.00784
-0.29804
-0.29804
-0.29804
-0.29804
-0.29804
-0.29804
-0.29804
-0.29804
-0.29804
-0.29804
-0.29804
-0.29804
0.55686
0.44314
0.41569
0.41569
0.43137
-0.20000
-0.28627
-0.26667
-0.26667
-0.26275
-0.25882
-0.24706
-0.23922
-0.23529
-0.21961
-0.20392
-0.14510
-0.06667
-0.12941
-0.09020
0.04706
-0.03137
0.04314
0.16863
0.38824
0.40392
0.40000
0.43922
0.49020
0.49020
0.44706
0.44706
0.44706
0.39608
0.36471
0.25490
0.10196
0.23137
0.27843
0.28627
0.30980
0.29020
0.24314
0.11765
0.14902
0.39216
0.39216
0.33725
0.19608
-0.14118
0.03529
0.03922
-0.09020
-0.07843
-0.01176
0.01961
-0.29804
-0.29804
-0.29804
-0.29804
-0.29804
-0.29804
-0.29804
-0.29804
-0.29804
-0.29804
-0.29804
-0.29804
0.55686
0.44314
0.41569
0.41961
0.41569
-0.21176
-0.29804
-0.27059
-0.26667
-0.25882
-0.25098
-0.23529
-0.26667
-0.23529
-0.23137
-0.20000
-0.24706
0.42353
0.19608
-0.12157
-0.26667
-0.10196
-0.15294
-0.28627
-0.27843
0.38431
0.40392
0.42353
0.41569
0.40000
0.40392
0.42745
0.41961
0.39216
0.38431
0.33333
0.09804
0.07843
0.26667
0.27451
0.27843
0.27843
0.24706
0.20392
0.06667
0.16078
0.52941
0.43529
0.19608
-0.01569
0.08235
0.09020
-0.03529
-0.13333
-0.21569
-0.20000
-0.29804
-0.29804
-0.29804
-0.29804
-0.29804
-0.29804
-0.29804
-0.29804
-0.29804
-0.29804
-0.29804
-0.29804
0.56078
0.44314
0.41569
0.40392
0.43137
0.08235
-0.29804
-0.26667
-0.26275
-0.25882
-0.25490
-0.23922
-0.22745
-0.03529
0.25490
0.27843
-0.25490
-0.14118
0.10980
-0.27843
-0.26667
-0.14118
-0.10588
-0.26667
-0.29804
-0.09804
0.38824
0.34510
0.33333
0.33333
0.36471
0.40392
0.37647
0.32941
0.34118
0.36078
0.27451
-0.04314
0.24706
0.29020
0.26275
0.25490
0.25882
0.23137
0.18039
0.01961
0.04314
0.10980
0.10196
-0.24706
-0.14118
-0.10980
-0.00784
0.05882
0.03529
-0.03529
-0.29804
-0.29804
-0.29804
-0.29804
-0.29804
-0.29804
-0.29804
-0.29804
-0.29804
-0.29804
-0.29804
-0.29804
0.56078
0.45098
0.41569
0.40784
0.42353
0.29412
-0.29804
-0.25490
-0.25490
-0.25882
-0.25490
-0.21176
-0.16863
0.17647
0.32549
0.33333
0.34510
-0.27059
-0.19608
-0.28627
-0.26667
-0.12549
-0.10588
-0.26667
-0.28627
-0.15294
0.38039
0.29804
0.31373
0.38431
0.28627
0.38039
0.26667
0.26275
0.33333
0.40392
0.34902
-0.03922
0.09020
0.29412
0.27451
0.27843
0.27059
0.17255
-0.10980
-0.18824
-0.11373
0.10980
-0.07059
-0.17647
-0.16078
0.03922
-0.04706
-0.04706
0.03137
0.04314
-0.29804
-0.29804
-0.29804
-0.29804
-0.29804
-0.29804
-0.29804
-0.29804
-0.29804
-0.29804
-0.29804
-0.29804
0.56471
0.45490
0.41961
0.41176
0.40784
0.30980
-0.29804
-0.27451
-0.25098
-0.24706
-0.23529
-0.21569
-0.10588
0.26667
0.32157
0.32941
0.34510
0.17647
-0.13725
-0.23529
-0.23922
-0.05490
-0.05882
-0.18039
-0.27843
-0.12157
0.30980
0.26667
0.20392
-0.22745
-0.23529
0.17255
0.30980
0.29804
0.34510
0.51765
0.39216
-0.03137
-0.10588
0.18824
0.15686
0.04314
-0.05490
-0.08627
0.01961
0.05882
-0.01176
-0.01961
-0.05882
0.12157
-0.12549
0.16078
-0.14510
-0.08627
-0.08627
-0.03529
-0.29804
-0.29804
-0.29804
-0.29804
-0.29804
-0.29804
-0.29804
-0.29804
-0.29804
-0.29804
-0.29804
-0.29804
0.56471
0.45098
0.42353
0.41569
0.40392
0.38824
-0.29804
-0.27059
-0.26275
-0.24314
-0.22745
-0.13333
-0.01176
0.27059
0.30196
0.30196
0.33725
0.33725
0.07451
-0.13333
-0.21176
-0.02745
-0.05490
-0.18039
-0.23137
-0.03137
0.53333
0.36863
-0.11765
-0.21176
-0.24706
0.07843
0.37255
0.29412
0.33725
0.45882
0.48235
-0.10196
-0.20392
-0.19216
-0.16863
0.03137
0.09804
0.09020
0.05098
-0.01569
-0.06275
-0.05882
-0.00392
0.10588
-0.07451
-0.05882
-0.16471
-0.21961
-0.14118
-0.15686
-0.29804
-0.29804
-0.29804
-0.29804
-0.29804
-0.29804
-0.29804
-0.29804
-0.29804
-0.29804
-0.29804
-0.29804
0.57255
0.45490
0.42745
0.41961
0.40000
0.45490
-0.26667
-0.25490
-0.24314
-0.25490
-0.27059
-0.23529
-0.03137
0.20392
0.25882
0.26275
0.28627
0.32157
0.30980
0.18824
-0.18824
-0.01176
-0.05098
-0.17255
-0.20392
0.08627
0.44314
-0.16078
-0.09412
-0.18824
-0.23922
-0.19608
0.17255
0.28627
0.35686
0.36863
0.46667
-0.09020
-0.25490
-0.16471
0.00392
0.05490
0.04706
-0.01569
-0.05490
-0.09412
-0.13725
-0.11373
0.00392
0.03137
-0.03529
-0.20000
-0.21176
-0.23137
-0.10196
-0.08235
-0.29804
-0.29804
-0.29804
-0.29804
-0.29804
-0.29804
-0.29804
-0.29804
-0.29804
-0.29804
-0.29804
-0.29804
0.57647
0.45882
0.43529
0.42353
0.41176
0.45882
0.06275
-0.29804
-0.23529
-0.23529
-0.25098
-0.25098
-0.07059
0.10980
0.17647
0.20000
0.25098
0.30196
0.30196
0.12941
-0.19608
0.07059
-0.00392
-0.16863
-0.21569
-0.02353
0.29804
-0.02353
-0.02745
0.33333
0.20784
-0.10588
-0.12549
0.12549
0.32941
0.25882
0.07059
0.25098
0.10196
-0.20392
-0.11373
-0.01176
-0.03922
-0.09804
-0.12157
-0.15686
-0.19608
-0.06667
0.07843
0.09020
0.05490
-0.02353
-0.22745
-0.27843
-0.26275
-0.18039
-0.29804
-0.29804
-0.29804
-0.29804
-0.29804
-0.29804
-0.29804
-0.29804
-0.29804
-0.29804
-0.29804
-0.29804
0.57647
0.45882
0.43922
0.43137
0.42353
0.44314
0.37255
-0.28235
-0.28235
-0.24314
-0.22745
-0.21961
-0.19608
-0.03922
0.04706
0.13333
0.25490
0.27843
0.10588
-0.20392
-0.17647
0.44706
0.26667
-0.20392
-0.18431
-0.17647
0.03529
0.36471
0.07843
0.18431
0.36471
0.12941
-0.05098
0.19608
0.23137
0.21176
-0.15686
0.40784
0.32941
-0.13333
-0.13333
-0.09412
-0.11373
-0.15686
-0.18824
-0.21569
-0.18824
-0.04706
0.07059
0.09804
0.04314
-0.01569
-0.09412
-0.19608
-0.09804
0.14118
-0.29804
-0.29804
-0.29804
-0.29804
-0.29804
-0.29804
-0.29804
-0.29804
-0.29804
-0.29804
-0.29804
-0.29804
0.57255
0.46667
0.44314
0.43922
0.42745
0.41961
0.43137
0.31373
-0.29804
-0.29020
-0.23922
-0.23137
-0.25490
-0.23529
-0.12941
0.04706
0.20392
0.29020
-0.02353
-0.29804
-0.14118
0.35686
0.16863
-0.22745
-0.23137
0.38824
0.56471
0.54118
0.32549
-0.05490
0.40784
0.34902
0.02353
0.19608
0.36471
0.21569
0.39216
0.50196
0.42745
0.02353
-0.12941
-0.14902
-0.20392
-0.25882
-0.29020
-0.29804
-0.16863
0.00784
0.06275
0.09020
0.10980
0.05490
0.01961
0.07059
0.15686
0.00784
-0.29804
-0.29804
-0.29804
-0.29804
-0.29804
-0.29804
-0.29804
-0.29804
-0.29804
-0.29804
-0.29804
-0.29804
0.57647
0.46667
0.44706
0.43922
0.43529
0.42745
0.43137
0.45882
0.31373
-0.29804
-0.29412
-0.23137
-0.25490
-0.27843
-0.25490
-0.16078
-0.05882
0.12157
-0.20784
-0.28627
-0.14510
0.20392
-0.03922
-0.28627
0.22353
0.54510
0.41569
0.52157
0.54118
-0.16078
0.28235
0.33333
0.10980
0.01961
0.20000
0.04706
0.19216
0.41176
0.46275
0.38039
-0.29804
-0.29804
-0.29804
-0.27843
-0.25098
-0.03922
0.10588
0.11765
0.12157
0.13725
0.11765
0.07059
0.06275
-0.02745
-0.23137
-0.16863
-0.29804
-0.29804
-0.29804
-0.29804
-0.29804
-0.29804
-0.29804
-0.29804
-0.29804
-0.29804
-0.29804
-0.29804
0.58039
0.47059
0.45098
0.44706
0.43922
0.43529
0.42745
0.43529
0.41961
0.20392
-0.29804
-0.29804
-0.27451
-0.26275
-0.26275
-0.27843
-0.27059
-0.14118
-0.20784
-0.25098
-0.15294
0.05098
-0.17255
-0.29804
0.07059
0.34118
0.42353
0.54902
0.59216
0.03529
0.14510
0.27059
0.17647
-0.01176
0.04314
0.03137
-0.00784
0.33333
0.41176
0.43529
0.01569
-0.26275
-0.12941
0.05098
0.14118
0.12941
0.14118
0.05490
0.03922
-0.01961
-0.05098
-0.01961
-0.13725
0.10196
0.45490
0.67059
-0.29804
-0.29804
-0.29804
-0.29804
-0.29804
-0.29804
-0.29804
-0.29804
-0.29804
-0.29804
-0.29804
-0.29804
0.58824
0.47451
0.45490
0.45098
0.44706
0.43922
0.43529
0.42745
0.44706
0.31373
0.26667
-0.11373
-0.29804
-0.29412
-0.27059
-0.26275
-0.29020
-0.28235
-0.27843
-0.27059
-0.15294
-0.23922
-0.27059
-0.29804
-0.12941
0.51373
0.44706
0.43529
0.50980
0.41961
0.00000
0.21569
0.15686
-0.02353
-0.08627
-0.04706
-0.05098
0.26275
0.37647
0.41961
0.35686
-0.21176
-0.17255
-0.07059
0.03922
0.20784
-0.25882
0.01176
-0.09412
0.03529
0.12941
0.43922
0.58824
0.60392
0.59608
0.69804
-0.29804
-0.29804
-0.29804
-0.29804
-0.29804
-0.29804
-0.29804
-0.29804
-0.29804
-0.29804
-0.29804
-0.29804
0.59216
0.47843
0.45882
0.45490
0.45098
0.44706
0.43922
0.43529
0.43137
0.45490
0.36471
0.28627
0.24706
-0.13333
-0.29020
-0.24706
-0.23922
-0.23529
-0.24314
-0.28627
-0.21176
-0.23137
-0.27451
-0.29804
0.30980
0.44314
0.38824
0.26667
0.37255
0.39216
-0.05098
0.15294
0.07059
0.00000
-0.13333
-0.13725
-0.15686
0.21569
0.41176
0.35686
0.40784
0.00784
-0.29804
-0.27059
-0.26275
-0.23137
-0.29804
-0.18824
0.22745
0.23922
0.37255
0.60392
0.60392
0.57647
0.56471
0.65882
-0.29804
-0.29804
-0.29804
-0.29804
-0.29804
-0.29804
-0.29804
-0.29804
-0.29804
-0.29804
-0.29804
-0.29804
0.58824
0.48235
0.46275
0.45882
0.45490
0.44706
0.44706
0.43922
0.43529
0.42745
0.44314
0.42745
0.27451
0.29412
0.06275
-0.14118
-0.23137
-0.20392
-0.24314
-0.27059
-0.27059
-0.23529
-0.28235
-0.29804
0.28235
0.43529
0.29804
0.43529
0.50196
0.57255
0.14902
0.07059
0.03529
-0.03529
-0.17647
-0.20000
-0.20784
0.23137
0.41176
0.38824
0.40392
0.43137
0.35686
-0.19608
-0.29804
-0.03922
0.44314
0.59608
0.60392
0.55686
0.58824
0.52549
0.57647
0.55686
0.52549
0.60784
-0.29804
-0.29804
-0.29804
-0.29804
-0.29804
-0.29804
-0.29804
-0.29804
-0.29804
-0.29804
-0.29804
-0.29804
0.59608
0.48235
0.46275
0.46275
0.45490
0.45490
0.45098
0.44314
0.43922
0.43529
0.43137
0.41961
0.43922
0.45098
0.43922
0.40000
-0.23922
-0.29020
-0.21569
-0.29412
-0.29020
-0.24314
-0.21961
-0.29804
0.30588
0.40784
0.50980
0.45098
0.35686
0.41569
0.27059
-0.07059
0.05490
-0.08627
-0.21176
-0.23922
-0.26275
0.12549
0.41961
0.39216
0.40784
0.41569
0.45882
0.51765
0.53333
0.58431
0.58431
0.57647
0.58039
0.56863
0.47059
0.27451
0.48627
0.52157
0.45490
0.51373
-0.29804
-0.29804
-0.29804
-0.29804
-0.29804
-0.29804
-0.29804
-0.29804
-0.29804
-0.29804
-0.29804
-0.29804
0.59608
0.48627
0.46667
0.46275
0.46275
0.45490
0.45490
0.44706
0.44314
0.44314
0.43922
0.43137
0.41961
0.40000
0.37647
0.43922
-0.00392
0.19608
-0.14902
-0.28627
-0.27059
-0.21961
-0.25490
-0.28627
0.29020
0.44706
0.43922
0.37255
0.27059
0.34902
0.45882
-0.19216
0.05098
-0.14118
-0.23922
-0.26667
-0.27059
0.14902
0.41176
0.40784
0.43137
0.45882
0.47451
0.51373
0.56078
0.56863
0.56863
0.58431
0.58431
0.58431
0.56471
0.45490
0.47451
0.40392
0.34902
0.40784
-0.29804
-0.29804
-0.29804
-0.29804
-0.29804
-0.29804
-0.29804
-0.29804
-0.29804
-0.29804
-0.29804
-0.29804
0.60000
0.48627
0.47059
0.46667
0.46275
0.45882
0.45490
0.45098
0.45098
0.44314
0.43922
0.43529
0.43137
0.42745
0.42353
0.42353
0.32549
0.46667
0.40000
0.07451
-0.28235
-0.14118
-0.16078
0.05490
0.34902
0.41569
0.15294
-0.19608
-0.28235
-0.29020
-0.26275
-0.25882
0.01176
-0.17255
-0.23529
-0.28627
-0.24706
0.37255
0.49804
0.46275
0.43922
0.50196
0.52941
0.54902
0.56078
0.53333
0.54510
0.54510
0.50588
0.44314
0.40000
0.38039
0.43529
0.34902
0.28235
0.35294
-0.29804
-0.29804
-0.29804
-0.29804
-0.29804
-0.29804
-0.29804
-0.29804
-0.29804
-0.29804
-0.29804
-0.29804
0.60000
0.48627
0.47059
0.46667
0.46667
0.46275
0.45490
0.45098
0.45098
0.44706
0.43922
0.43922
0.43529
0.43137
0.43137
0.42745
0.44314
0.43922
0.46667
0.36863
0.09412
-0.16863
-0.02745
0.22745
0.10980
0.21961
-0.25490
0.14510
0.53725
0.27843
-0.23529
-0.29412
-0.22745
-0.28235
-0.28235
-0.29020
-0.12157
0.36078
0.35686
0.38039
0.36863
0.39608
0.42353
0.43529
0.40784
0.34902
0.37647
0.34510
0.27843
0.26667
0.25882
0.25882
0.37255
0.31765
0.23137
0.30980
-0.29804
-0.29804
-0.29804
-0.29804
-0.29804
-0.29804
-0.29804
-0.29804
-0.29804
-0.29804
-0.29804
-0.29804
0.60000
0.48627
0.47451
0.47059
0.46667
0.46275
0.45882
0.45882
0.45098
0.45098
0.44706
0.44314
0.43922
0.43922
0.43529
0.43922
0.43137
0.42745
0.42353
0.43922
0.44706
-0.18824
-0.01569
0.20784
0.06275
-0.20784
-0.17255
0.40392
0.69412
0.16078
-0.15294
-0.27843
-0.25490
-0.25098
-0.25098
-0.26667
-0.09412
0.28235
0.26667
0.24706
0.24314
0.30588
0.34510
0.37255
0.43529
0.38824
0.30588
0.27059
0.25490
0.25098
0.25882
0.25882
0.30196
0.32941
0.14902
0.24314
-0.29804
-0.29804
-0.29804
-0.29804
-0.29804
-0.29804
-0.29804
-0.29804
-0.29804
-0.29804
-0.29804
-0.29804
0.60000
0.49020
0.47451
0.47059
0.47059
0.46667
0.46275
0.46275
0.45882
0.45490
0.45098
0.44706
0.44314
0.44314
0.43922
0.43922
0.43922
0.43137
0.42745
0.45098
0.35294
-0.29804
0.18039
0.63922
0.63922
-0.00392
-0.15294
0.26667
0.29020
-0.12157
-0.15294
-0.25882
-0.24706
-0.24706
-0.25098
-0.25490
-0.29020
0.03922
0.10196
0.12549
0.10196
0.27451
0.32941
0.36078
0.33333
0.25882
0.12941
0.14902
0.16471
0.20392
0.21569
0.19216
0.15294
0.27059
0.06275
0.05882
-0.29804
-0.29804
-0.29804
-0.29804
-0.29804
-0.29804
-0.29804
-0.29804
-0.29804
-0.29804
-0.29804
-0.29804
0.60392
0.49020
0.47451
0.47059
0.47059
0.46667
0.46667
0.46275
0.45882
0.45490
0.45490
0.45098
0.44706
0.44314
0.43922
0.43922
0.43922
0.43529
0.43137
0.47059
0.24314
-0.29804
0.11765
0.18824
0.21176
-0.03922
-0.07059
0.16078
0.70196
0.40784
-0.02745
-0.22745
-0.23922
-0.25882
-0.25882
-0.25882
-0.28235
-0.22745
-0.07451
0.00784
0.09020
0.24706
0.24706
0.23137
0.15686
0.05490
0.02745
0.01569
0.00784
0.00784
-0.01176
-0.05490
-0.09412
0.07451
0.03529
-0.23137
-0.29804
-0.29804
-0.29804
-0.29804
-0.29804
-0.29804
-0.29804
-0.29804
-0.29804
-0.29804
-0.29804
-0.29804
0.60392
0.49412
0.47451
0.47451
0.47059
0.47059
0.46667
0.46667
0.46275
0.45882
0.45882
0.45098
0.45098
0.44706
0.44314
0.44314
0.43922
0.43922
0.43529
0.48235
0.10980
-0.17255
-0.05490
0.11373
0.65490
0.09020
0.05882
0.05490
0.19608
-0.11373
-0.18824
-0.18431
-0.24706
-0.27451
-0.28235
-0.27843
-0.28235
-0.12941
0.13333
-0.03529
0.03922
0.01961
-0.05098
-0.10588
-0.14510
-0.18039
-0.18039
-0.15686
-0.12549
-0.11373
-0.15294
-0.18039
-0.23137
-0.21961
-0.22745
-0.17647
-0.29804
-0.29804
-0.29804
-0.29804
-0.29804
-0.29804
-0.29804
-0.29804
-0.29804
-0.29804
-0.29804
-0.29804
0.60392
0.49412
0.47843
0.47843
0.47059
0.47059
0.46667
0.46667
0.46667
0.46275
0.45882
0.45490
0.45098
0.45098
0.44706
0.44314
0.44314
0.43922
0.43137
0.49020
0.14902
-0.12941
0.00000
0.07059
0.65882
-0.07843
-0.29804
-0.29804
-0.29804
-0.29804
-0.27843
-0.25490
-0.24314
-0.25882
-0.26275
-0.26275
-0.29412
-0.02353
0.36863
-0.02745
-0.13333
-0.18824
-0.20784
-0.18039
-0.13725
-0.11765
-0.12157
-0.13333
-0.15294
-0.16078
-0.17647
-0.18431
-0.19608
-0.19608
-0.16078
-0.09412
-0.29804
-0.29804
-0.29804
-0.29804
-0.29804
-0.29804
-0.29804
-0.29804
-0.29804
-0.29804
-0.29804
-0.29804
0.60392
0.49412
0.47843
0.47843
0.47451
0.47451
0.47059
0.46667
0.46667
0.46275
0.46275
0.45882
0.45490
0.45490
0.45098
0.44706
0.44314
0.44314
0.43529
0.48627
0.09804
-0.08235
0.13725
0.10980
0.25882
-0.29804
-0.29412
-0.26667
-0.26667
-0.26667
-0.26275
-0.26275
-0.25490
-0.26275
-0.25882
-0.26275
-0.29804
0.05882
0.35294
0.16471
-0.14118
-0.15294
-0.13333
-0.13333
-0.13333
-0.14902
-0.19608
-0.21176
-0.17647
-0.21569
-0.16471
-0.18039
-0.19608
-0.16078
-0.13725
-0.05490
-0.29804
-0.29804
-0.29804
-0.29804
-0.29804
-0.29804
-0.29804
-0.29804
-0.29804
-0.29804
-0.29804
-0.29804
0.60784
0.49412
0.47843
0.47843
0.47451
0.47451
0.47059
0.47059
0.47059
0.46667
0.46275
0.46275
0.46275
0.45882
0.45490
0.45098
0.45098
0.44314
0.43922
0.48627
0.21176
-0.05098
0.14510
0.10196
-0.23529
-0.29804
-0.26667
-0.26667
-0.26667
-0.26667
-0.26275
-0.26667
-0.24706
-0.26275
-0.25882
-0.25882
-0.29804
0.12941
0.33333
0.32549
0.01176
-0.10196
-0.12157
-0.14902
-0.18039
-0.16078
-0.14510
-0.14902
-0.17647
-0.17255
-0.19216
-0.18431
-0.15686
-0.16863
-0.13725
-0.04706
-0.29804
-0.29804
-0.29804
-0.29804
-0.29804
-0.29804
-0.29804
-0.29804
-0.29804
-0.29804
-0.29804
-0.29804
0.60784
0.49804
0.47843
0.47843
0.47843
0.47451
0.47451
0.47451
0.47059
0.46667
0.46667
0.46275
0.46275
0.46275
0.45882
0.45490
0.45098
0.44314
0.44314
0.47843
0.12941
-0.13725
0.05882
0.03529
-0.23137
-0.29804
-0.26667
-0.27059
-0.26667
-0.26667
-0.26275
-0.25882
-0.23529
-0.25490
-0.26275
-0.25882
-0.29804
0.21961
0.31765
0.30588
0.32941
0.14118
-0.09020
-0.10980
-0.11765
-0.14118
-0.17647
-0.19608
-0.20000
-0.18431
-0.15686
-0.14510
-0.14902
-0.14118
-0.12941
-0.07059
-0.29804
-0.29804
-0.29804
-0.29804
-0.29804
-0.29804
-0.29804
-0.29804
-0.29804
-0.29804
-0.29804
-0.29804
0.60784
0.49804
0.48235
0.47843
0.47843
0.47451
0.47451
0.47451
0.47059
0.46667
0.46667
0.46275
0.46275
0.46275
0.45882
0.45882
0.45882
0.45098
0.44314
0.46667
0.31373
-0.24706
0.01176
0.24706
0.08627
-0.29804
-0.28627
-0.25882
-0.26667
-0.25098
-0.23137
-0.23137
-0.23922
-0.26275
-0.26667
-0.26275
-0.29804
0.29412
0.30588
0.28627
0.29020
0.32941
0.32941
0.23137
0.00392
-0.08235
-0.09412
-0.10196
-0.11765
-0.14510
-0.13333
-0.14902
-0.12549
-0.10980
-0.12157
-0.09804
-0.29804
-0.29804
-0.29804
-0.29804
-0.29804
-0.29804
-0.29804
-0.29804
-0.29804
-0.29804
-0.29804
-0.29804
0.61569
0.49804
0.48235
0.47843
0.47843
0.47843
0.47843
0.47451
0.47451
0.47451
0.47059
0.46667
0.46667
0.46275
0.46275
0.46275
0.45490
0.45098
0.44706
0.45882
0.40392
-0.27451
-0.14510
0.60784
0.70196
-0.23529
-0.29804
-0.26667
-0.26275
-0.24706
-0.23529
-0.24314
-0.25882
-0.26667
-0.26667
-0.27843
-0.29804
0.30980
0.30196
0.28627
0.28627
0.29020
0.30588
0.30980
0.33333
0.33333
0.33333
0.32549
0.32941
0.27451
0.15686
0.04314
-0.01961
-0.12549
-0.16471
-0.12549
-0.29804
-0.29804
-0.29804
-0.29804
-0.29804
-0.29804
-0.29804
-0.29804
-0.29804
-0.29804
-0.29804
-0.29804
0.60784
0.49804
0.48235
0.48235
0.48235
0.47843
0.47843
0.47451
0.47843
0.47451
0.47451
0.47059
0.47059
0.46667
0.46275
0.46275
0.45882
0.45490
0.44706
0.43922
0.50196
-0.15294
-0.29804
0.07843
0.19608
0.29020
-0.29804
-0.27059
-0.26275
-0.24314
-0.23922
-0.26275
-0.26667
-0.26667
-0.26275
-0.28235
-0.28627
0.30980
0.30588
0.28627
0.28627
0.28627
0.28627
0.28235
0.28627
0.28627
0.29020
0.29412
0.31765
0.32157
0.34510
0.35294
0.36863
0.37647
0.33333
0.07451
-0.29804
-0.29804
-0.29804
-0.29804
-0.29804
-0.29804
-0.29804
-0.29804
-0.29804
-0.29804
-0.29804
-0.29804
0.61569
0.49804
0.48235
0.48235
0.47843
0.47843
0.47843
0.47843
0.47843
0.47843
0.47451
0.47059
0.47059
0.46667
0.46667
0.46275
0.46275
0.45882
0.45490
0.44706
0.47843
0.35294
-0.29804
-0.00392
0.51765
0.19216
-0.29804
-0.29020
-0.26275
-0.25882
-0.25882
-0.23137
-0.24314
-0.26275
-0.29020
-0.29804
0.03529
0.32157
0.29020
0.28627
0.28627
0.28627
0.28627
0.28627
0.28627
0.28627
0.29020
0.29412
0.29804
0.30196
0.30588
0.30588
0.30980
0.31373
0.34510
0.43922
-0.29804
-0.29804
-0.29804
-0.29804
-0.29804
-0.29804
-0.29804
-0.29804
-0.29804
-0.29804
-0.29804
-0.29804
0.61176
0.50196
0.48235
0.48235
0.47843
0.47843
0.47843
0.47843
0.47843
0.47843
0.47843
0.47451
0.47451
0.47059
0.47059
0.46667
0.46667
0.46275
0.45882
0.45490
0.46275
0.48627
0.26275
0.03529
0.70196
0.31765
-0.29804
-0.29804
-0.29020
-0.29020
-0.29412
-0.23137
-0.26667
-0.29804
-0.29804
0.20000
0.34902
0.29804
0.28627
0.28627
0.28627
0.28627
0.28627
0.28627
0.28627
0.29020
0.29412
0.29412
0.30196
0.30588
0.30588
0.30980
0.30980
0.31765
0.32941
0.41961
-0.29804
-0.29804
-0.29804
-0.29804
-0.29804
-0.29804
-0.29804
-0.29804
-0.29804
-0.29804
-0.29804
-0.29804
0.62353
0.51373
0.50588
0.49804
0.49804
0.49804
0.49412
0.49412
0.49412
0.49412
0.49412
0.49804
0.49020
0.49020
0.48627
0.48627
0.48235
0.47843
0.47843
0.47843
0.47451
0.47451
0.49020
0.44706
0.43137
0.36863
-0.15294
-0.16078
-0.14510
-0.13725
-0.12157
-0.10196
-0.07059
0.04314
0.34510
0.33333
0.29804
0.27843
0.28235
0.28235
0.28627
0.28627
0.28627
0.28627
0.30588
0.29020
0.29020
0.29412
0.30196
0.30196
0.32157
0.32549
0.31373
0.31373
0.34118
0.43137
-0.29804
-0.29804
-0.29804
-0.29804
-0.29804
-0.29804
-0.29804
-0.29804
-0.29804
-0.29804
-0.29804
-0.29804
0.70196
0.62353
0.61176
0.60784
0.61176
0.60784
0.60784
0.60784
0.60784
0.60392
0.60392
0.60392
0.60000
0.60392
0.60000
0.59608
0.59608
0.59216
0.59216
0.58824
0.58039
0.58039
0.57255
0.55686
0.54510
0.54510
0.56078
0.57647
0.58824
0.57647
0.55686
0.54510
0.51765
0.46667
0.41569
0.38039
0.37255
0.36863
0.37647
0.38039
0.38039
0.38039
0.38039
0.38824
0.38431
0.38431
0.38824
0.38824
0.39216
0.40392
0.40392
0.41569
0.41176
0.41961
0.43137
0.50196
-0.29804
-0.29804
-0.29804
-0.29804
-0.29804
-0.29804
-0.29804
-0.29804
-0.29804
-0.29804
-0.29804
-0.29804
-0.29804
-0.29804
-0.29804
-0.29804
-0.29804
-0.29804
-0.29804
-0.29804
-0.29804
-0.29804
-0.29804
-0.29804
-0.29804
-0.29804
-0.29804
-0.29804
-0.29804
-0.29804
-0.29804
-0.29804
-0.29804
-0.29804
-0.29804
-0.29804
-0.29804
-0.29804
-0.29804
-0.29804
-0.29804
-0.29804
-0.29804
-0.29804
-0.29804
-0.29804
-0.29804
-0.29804
-0.29804
-0.29804
-0.29804
-0.29804
-0.29804
-0.29804
-0.29804
-0.29804
-0.29804
-0.29804
-0.29804
-0.29804
-0.29804
-0.29804
-0.29804
-0.29804
-0.29804
-0.29804
-0.29804
-0.29804
-0.29804
-0.29804
-0.29804
-0.29804
-0.29804
-0.29804
-0.29804
-0.29804
-0.29804
-0.29804
-0.29804
-0.29804
-0.29804
-0.29804
-0.29804
-0.29804
-0.29804
-0.29804
-0.29804
-0.29804
-0.29804
-0.29804
-0.29804
-0.29804
-0.29804
-0.29804
-0.29804
-0.29804
-0.29804
-0.29804
-0.29804
-0.29804
-0.29804
-0.29804
-0.29804
-0.29804
-0.29804
-0.29804
-0.29804
-0.29804
-0.29804
-0.29804
-0.29804
-0.29804
-0.29804
-0.29804
-0.29804
-0.29804
-0.29804
-0.29804
-0.29804
-0.29804
-0.29804
-0.29804
-0.29804
-0.29804
-0.29804
-0.29804
-0.29804
-0.29804
-0.29804
-0.29804
-0.29804
-0.29804
-0.29804
-0.29804
-0.29804
-0.29804
-0.29804
-0.29804
-0.29804
-0.29804
-0.29804
-0.29804
-0.29804
-0.29804
-0.29804
-0.29804
-0.29804
-0.29804
-0.29804
-0.29804
-0.29804
-0.29804
-0.29804
-0.29804
-0.29804
-0.29804
-0.29804
-0.29804
-0.29804
-0.29804
-0.29804
-0.29804
-0.29804
-0.29804
-0.29804
-0.29804
-0.29804
-0.29804
-0.29804
-0.29804
-0.29804
-0.29804
-0.29804
-0.29804
-0.29804
-0.29804
-0.29804
-0.29804
-0.29804
-0.29804
-0.29804
-0.29804
-0.29804
-0.29804
-0.29804
-0.29804
-0.29804
-0.29804
-0.29804
-0.29804
-0.29804
-0.29804
-0.29804
-0.29804
-0.29804
-0.29804
-0.29804
-0.29804
-0.29804
-0.29804
-0.29804
-0.29804
-0.29804
-0.29804
-0.29804
-0.29804
-0.29804
-0.29804
-0.29804
-0.29804
-0.29804
-0.29804
-0.29804
-0.29804
-0.29804
-0.29804
-0.29804
-0.29804
-0.29804
-0.29804
-0.29804
-0.29804
-0.29804
-0.29804
-0.29804
-0.29804
-0.29804
-0.29804
-0.29804
-0.29804
-0.29804
-0.29804
-0.29804
-0.29804
-0.29804
-0.29804
-0.29804
-0.29804
-0.29804
-0.29804
-0.29804
-0.29804
-0.29804
-0.29804
-0.29804
-0.29804
-0.29804
-0.29804
-0.29804
-0.29804
-0.29804
-0.29804
-0.29804
-0.29804
-0.29804
-0.29804
-0.29804
-0.29804
-0.29804
-0.29804
-0.29804
-0.29804
-0.29804
-0.29804
-0.29804
-0.29804
-0.29804
-0.29804
-0.29804
-0.29804
-0.29804
-0.29804
-0.29804
-0.29804
-0.29804
-0.29804
-0.29804
-0.29804
-0.29804
-0.29804
-0.29804
-0.29804
-0.29804
-0.29804
-0.29804
-0.29804
-0.29804
-0.29804
-0.29804
-0.29804
-0.29804
-0.29804
-0.29804
-0.29804
-0.29804
-0.29804
-0.29804
-0.29804
-0.29804
-0.29804
-0.29804
-0.29804
-0.29804
-0.29804
-0.29804
-0.29804
-0.29804
-0.29804
-0.29804
-0.29804
-0.29804
-0.29804
-0.29804
-0.29804
-0.29804
-0.29804
-0.29804
-0.29804
-0.29804
-0.29804
-0.29804
-0.29804
-0.29804
-0.29804
-0.29804
-0.29804
-0.29804
-0.29804
-0.29804
-0.29804
-0.29804
-0.29804
-0.29804
-0.29804
-0.29804
-0.29804
-0.29804
-0.29804
-0.29804
-0.29804
-0.29804
-0.29804
-0.29804
-0.29804
-0.29804
-0.29804
